imageName,arucoAvailable,realT,realR,otherInfo,method,detectedT,detectedR
0.png,True,"[0.0, 0.0, 0.1]","[[0.9999999999999999, -0.0, 0.0], [0.0, 0.17364817766693041, 0.9848077530122079], [-0.0, -0.9848077530122079, 0.17364817766693041]]","{'tagLength': 0.0525, 'tagFamily': 'tag36h11', 'tagId': 0}",aruco,"[-6.645936918426754e-05, -5.5995421820719835e-05, 0.1256530397499726]","[-1.398811458488644, -0.0004944119559734827, -0.00039793781474795883]"
1.png,True,"[0.0, 0.0, 0.1]","[[1.0, -0.0, 0.0], [0.0, 0.20135422527825558, 0.9795184918941519], [-0.0, -0.9795184918941519, 0.20135422527825558]]","{'tagLength': 0.0525, 'tagFamily': 'tag36h11', 'tagId': 0}",aruco,"[-6.618396662532214e-05, -8.514785915902997e-05, 0.1251962031487741]","[-1.368262964569146, -0.000500111304894713, -0.00038722351797081827]"
2.png,True,"[0.0, 0.0, 0.1]","[[1.0, -0.0, 0.0], [0.0, 0.22890007519462802, 0.9734499245343304], [-0.0, -0.9734499245343304, 0.22890007519462802]]","{'tagLength': 0.0525, 'tagFamily': 'tag36h11', 'tagId': 0}",aruco,"[-6.632803324238738e-05, -7.931800307546229e-05, 0.12544830282299838]","[-1.3416904724811827, -0.0005052272896318092, -0.00037818600863003774]"
3.png,True,"[0.0, 0.0, 0.1]","[[1.0, -0.0, 0.0], [0.0, 0.25626381190046255, 0.9666068790931732], [-0.0, -0.9666068790931732, 0.25626381190046255]]","{'tagLength': 0.0525, 'tagFamily': 'tag36h11', 'tagId': 0}",aruco,"[-6.616385184548466e-05, -2.0803835060491462e-05, 0.12517545329007498]","[-1.3136744962216051, -0.0005114076246696986, -0.00036883841234808306]"
4.png,True,"[0.0, 0.0, 0.1]","[[1.0, -0.0, 0.0], [0.0, 0.28342366476969283, 0.9589947999069217], [-0.0, -0.9589947999069217, 0.28342366476969283]]","{'tagLength': 0.0525, 'tagFamily': 'tag36h11', 'tagId': 0}",aruco,"[-6.349678054761812e-05, -0.0001153835514528707, 0.12554279069108898]","[-1.284276699277414, -0.001777517523204904, 0.0006617663293503109]"
5.png,True,"[0.0, 0.0, 0.1]","[[1.0, -0.0, 0.0], [0.0, 0.3103580253865087, 0.9506197431561094], [-0.0, -0.9506197431561094, 0.3103580253865087]]","{'tagLength': 0.0525, 'tagFamily': 'tag36h11', 'tagId': 0}",aruco,"[-6.619275773363137e-05, -7.864748110797477e-05, 0.125246084153121]","[-1.2570337819403639, -0.0005209465149013841, -0.00034979205450929554]"
6.png,True,"[0.0, 0.0, 0.1]","[[1.0, -0.0, 0.0], [0.0, 0.3370454647370418, 0.9414883720472556], [-0.0, -0.9414883720472556, 0.3370454647370418]]","{'tagLength': 0.0525, 'tagFamily': 'tag36h11', 'tagId': 0}",aruco,"[-6.630430613227003e-05, -5.8406407323656395e-05, 0.12544668616820662]","[-1.2294401874688035, -0.0005255399904664559, -0.0003405315485176982]"
7.png,True,"[0.0, 0.0, 0.1]","[[1.0, -0.0, 0.0], [0.0, 0.36346475025831904, 0.9316079515116097], [-0.0, -0.9316079515116097, 0.36346475025831904]]","{'tagLength': 0.0525, 'tagFamily': 'tag36h11', 'tagId': 0}",aruco,"[-6.261736169483141e-05, -6.725961181119883e-05, 0.12548932649331304]","[-1.2028401856958029, -0.0018278875011271713, 0.0006595695408624597]"
8.png,True,"[0.0, 0.0, 0.1]","[[1.0, -0.0, 0.0], [0.0, 0.38959486273091826, 0.9209863424251615], [-0.0, -0.9209863424251615, 0.38959486273091826]]","{'tagLength': 0.0525, 'tagFamily': 'tag36h11', 'tagId': 0}",aruco,"[-6.628223389778925e-05, -8.951906123621325e-05, 0.12543435093555358]","[-1.1711968809687268, -0.0005340237334341496, -0.00032115952555984565]"
9.png,True,"[0.0, 0.0, 0.1]","[[1.0, -0.0, 0.0], [0.0, 0.4154150130018865, 0.9096319953545183], [-0.0, -0.9096319953545183, 0.4154150130018865]]","{'tagLength': 0.0525, 'tagFamily': 'tag36h11', 'tagId': 0}",aruco,"[-6.197126906114723e-05, -8.897956973497335e-05, 0.12545017086084856]","[-1.143975546390886, -0.0018641610651362536, 0.000661375261456411]"
10.png,True,"[0.0, 0.0, 0.1]","[[1.0, -0.0, 0.0], [0.0, 0.4409046585246193, 0.8975539438336221], [-0.0, -0.8975539438336221, 0.4409046585246193]]","{'tagLength': 0.0525, 'tagFamily': 'tag36h11', 'tagId': 0}",aruco,"[-6.615240690972747e-05, -2.5335858755553946e-05, 0.1252357631116761]","[-1.1153990145008357, -0.0005424141423908442, -0.0003029655754759018]"
11.png,True,"[0.0, 0.0, 0.1]","[[0.9999999999999999, -0.0, 0.0], [0.0, 0.4660435197025389, 0.8847617971766576], [-0.0, -0.8847617971766576, 0.4660435197025389]]","{'tagLength': 0.0525, 'tagFamily': 'tag36h11', 'tagId': 0}",aruco,"[-6.614851989721351e-05, -4.429006838075487e-05, 0.12523480020301042]","[-1.0886787664041575, -0.0005462793495909588, -0.00029485208982383935]"
12.png,True,"[0.0, 0.0, 0.1]","[[1.0, -0.0, 0.0], [0.0, 0.490811596023568, 0.8712657328328699], [-0.0, -0.8712657328328699, 0.490811596023568]]","{'tagLength': 0.0525, 'tagFamily': 'tag36h11', 'tagId': 0}",aruco,"[-5.589579633498766e-05, -5.141549621564674e-05, 0.12537486328306238]","[-1.061294619772699, -0.0032736307709820673, 0.0016167714405903523]"
13.png,True,"[0.0, 0.0, 0.1]","[[1.0000000000000002, -0.0, 0.0], [0.0, 0.5151891819725657, 0.8570764882893701], [-0.0, -0.8570764882893701, 0.5151891819725657]]","{'tagLength': 0.0525, 'tagFamily': 'tag36h11', 'tagId': 0}",aruco,"[-5.531990706387182e-05, -0.00012967224972865936, 0.12547317497985383]","[-1.02997937028469, -0.003305590458503705, 0.0016117925426733378]"
14.png,True,"[0.0, 0.0, 0.1]","[[1.0, -0.0, 0.0], [0.0, 0.5391568827090597, 0.8422053525283779], [-0.0, -0.8422053525283779, 0.5391568827090597]]","{'tagLength': 0.0525, 'tagFamily': 'tag36h11', 'tagId': 0}",aruco,"[-6.603016528291575e-05, -7.83618576716386e-05, 0.12505805337837275]","[-1.0016036131300479, -0.0005545746599499477, -0.000267363230585368]"
15.png,True,"[0.0, 0.0, 0.1]","[[1.0, -0.0, 0.0], [0.0, 0.5626956294978103, 0.8266641570456911], [-0.0, -0.8266641570456911, 0.5626956294978103]]","{'tagLength': 0.0525, 'tagFamily': 'tag36h11', 'tagId': 0}",aruco,"[-6.608627310765553e-05, -6.523250029419723e-05, 0.12515864461727758]","[-0.9728901541033947, -0.0005562797807134759, -0.00025832801989112954]"
16.png,True,"[0.0, 0.0, 0.1]","[[1.0, -0.0, 0.0], [0.0, 0.5857866948799202, 0.8104652664375317], [-0.0, -0.8104652664375317, 0.5857866948799202]]","{'tagLength': 0.0525, 'tagFamily': 'tag36h11', 'tagId': 0}",aruco,"[-4.749339500087669e-05, -0.00019863098176369827, 0.12550851010732997]","[-0.948012937983555, -0.004766076359661763, 0.002520187543013854]"
17.png,True,"[0.0, 0.0, 0.1]","[[0.9999999999999999, -0.0, 0.0], [0.0, 0.6084117075724275, 0.7936215685632559], [-0.0, -0.7936215685632559, 0.6084117075724275]]","{'tagLength': 0.0525, 'tagFamily': 'tag36h11', 'tagId': 0}",aruco,"[-6.61078301410974e-05, -8.706962438929298e-05, 0.12519278835339023]","[-0.9167824388255187, -0.0005587917043457017, -0.00024144464105497516]"
18.png,True,"[0.0, 0.0, 0.1]","[[1.0, -0.0, 0.0], [0.0, 0.6305526670845226, 0.7761464642917568], [-0.0, -0.7761464642917568, 0.6305526670845226]]","{'tagLength': 0.0525, 'tagFamily': 'tag36h11', 'tagId': 0}",aruco,"[-6.609537197221838e-05, -5.0051538771988726e-05, 0.12516683166005993]","[-0.8931040436506499, -0.0005599998791584208, -0.00023451653604554214]"
19.png,True,"[0.0, 0.0, 0.1]","[[1.0, -0.0, 0.0], [0.0, 0.6521919580387628, 0.7580538568397135], [-0.0, -0.7580538568397135, 0.6521919580387628]]","{'tagLength': 0.0525, 'tagFamily': 'tag36h11', 'tagId': 0}",aruco,"[-6.612872690024693e-05, -6.319928219694123e-06, 0.12521613566536482]","[-0.8621967982945358, -0.0005596174228005423, -0.00022501891756831024]"
20.png,True,"[0.0, 0.0, 0.1]","[[1.0, -0.0, 0.0], [0.0, 0.6733123641858916, 0.7393581407101739], [-0.0, -0.7393581407101739, 0.6733123641858916]]","{'tagLength': 0.0525, 'tagFamily': 'tag36h11', 'tagId': 0}",aruco,"[-6.608589515762596e-05, -2.7326379621811273e-05, 0.12512645092120364]","[-0.8337206590876771, -0.0005591143812957161, -0.00021691102072397074]"
21.png,True,"[0.0, 0.0, 0.1]","[[1.0, -0.0, 0.0], [0.0, 0.6938970821021089, 0.7200741902402689], [-0.0, -0.7200741902402689, 0.6938970821021089]]","{'tagLength': 0.0525, 'tagFamily': 'tag36h11', 'tagId': 0}",aruco,"[-6.612853683967233e-05, -3.082315819289758e-05, 0.12517778125114878]","[-0.804246703706774, -0.0005569111644926596, -0.00020819593335171744]"
22.png,True,"[0.0, 0.0, 0.1]","[[1.0, -0.0, 0.0], [0.0, 0.7139297345578991, 0.7002173477671686], [-0.0, -0.7002173477671686, 0.7139297345578991]]","{'tagLength': 0.0525, 'tagFamily': 'tag36h11', 'tagId': 0}",aruco,"[-6.630917680906891e-05, -8.628187867638745e-05, 0.12545035298729765]","[-0.7739554315735999, -0.0005545920674545447, -0.0002001129720056162]"
23.png,True,"[0.0, 0.0, 0.1]","[[1.0, -0.0, 0.0], [0.0, 0.7333943835477752, 0.6798034114216983], [-0.0, -0.6798034114216983, 0.7333943835477752]]","{'tagLength': 0.0525, 'tagFamily': 'tag36h11', 'tagId': 0}",aruco,"[-6.627918797776945e-05, -1.2183588987802927e-05, 0.1253679780556279]","[-0.7472518519648744, -0.0005522241987095286, -0.00019251213423023095]"
24.png,True,"[0.0, 0.0, 0.1]","[[1.0, -0.0, 0.0], [0.0, 0.7522755429705794, 0.6588486225593249], [-0.0, -0.6588486225593249, 0.7522755429705794]]","{'tagLength': 0.0525, 'tagFamily': 'tag36h11', 'tagId': 0}",aruco,"[-6.633475755209806e-05, -5.664654305743478e-05, 0.12541552651151147]","[-0.7185286665079597, -0.0005469877918078158, -0.00018442697001052336]"
25.png,True,"[0.0, 0.0, 0.1]","[[0.9999999999999999, -0.0, 0.0], [0.0, 0.7705581909502454, 0.6373696528385118], [-0.0, -0.6373696528385118, 0.7705581909502454]]","{'tagLength': 0.0525, 'tagFamily': 'tag36h11', 'tagId': 0}",aruco,"[-6.632317111283727e-05, -3.599325314104342e-05, 0.12534771595400182]","[-0.6935307607775643, -0.0005427204348603716, -0.00017764179795219464]"
26.png,True,"[0.0, 0.0, 0.1]","[[1.0, -0.0, 0.0], [0.0, 0.7882277817872235, 0.6153835909567246], [-0.0, -0.6153835909567246, 0.7882277817872235]]","{'tagLength': 0.0525, 'tagFamily': 'tag36h11', 'tagId': 0}",aruco,"[-0.00010364311671204358, -3.5398996843750654e-05, 0.12531925484783904]","[-0.6656419733346914, 0.00012722876058076111, -0.0015176066528452057]"
27.png,True,"[0.0, 0.0, 0.1]","[[0.9999999999999999, -0.0, 0.0], [0.0, 0.8052702575310585, 0.5929079290546404], [-0.0, -0.5929079290546404, 0.8052702575310585]]","{'tagLength': 0.0525, 'tagFamily': 'tag36h11', 'tagId': 0}",aruco,"[-6.636599711153352e-05, -2.568718035178971e-05, 0.1252769563546222]","[-0.637007587199195, -0.0005279421973072207, -0.00016221476223182078]"
28.png,True,"[0.0, 0.0, 0.1]","[[1.0, -0.0, 0.0], [0.0, 0.8216720591649151, 0.5699605487993779], [-0.0, -0.5699605487993779, 0.8216720591649151]]","{'tagLength': 0.0525, 'tagFamily': 'tag36h11', 'tagId': 0}",aruco,"[-6.635546570285673e-05, -0.00011563730447704208, 0.1251612311364816]","[-0.6088979622434858, -0.0005183602590192318, -0.00015506820656853212]"
29.png,True,"[0.0, 0.0, 0.1]","[[1.0, -0.0, 0.0], [0.0, 0.8374201373931495, 0.5465597071578171], [-0.0, -0.5465597071578171, 0.8374201373931495]]","{'tagLength': 0.0525, 'tagFamily': 'tag36h11', 'tagId': 0}",aruco,"[-6.656691431978746e-05, -3.527912113923584e-05, 0.12539869464607706]","[-0.5757307240688615, -0.0005064939834730801, -0.00014645122875991178]"
30.png,True,"[0.0, 0.0, 0.1]","[[1.0, -0.0, 0.0], [0.0, 0.8525019630233464, 0.5227240218713324], [-0.0, -0.5227240218713324, 0.8525019630233464]]","{'tagLength': 0.0525, 'tagFamily': 'tag36h11', 'tagId': 0}",aruco,"[-0.00010718441971503022, -1.0757785808200062e-05, 0.12542329113884762]","[-0.5522416431237172, 0.0008061150457814885, -0.0014867777894438591]"
31.png,True,"[0.0, 0.0, 0.1]","[[1.0, -0.0, 0.0], [0.0, 0.8669055369345617, 0.4984724566434931], [-0.0, -0.4984724566434931, 0.8669055369345617]]","{'tagLength': 0.0525, 'tagFamily': 'tag36h11', 'tagId': 0}",aruco,"[-6.670034080013287e-05, -3.726992191897231e-05, 0.12537115584991335]","[-0.5235293748596305, -0.00048062450190604496, -0.00013297567937764913]"
32.png,True,"[0.0, 0.0, 0.1]","[[1.0, -0.0, 0.0], [0.0, 0.8806193996238407, 0.4738243060525137], [-0.0, -0.4738243060525137, 0.8806193996238407]]","{'tagLength': 0.0525, 'tagFamily': 'tag36h11', 'tagId': 0}",aruco,"[-6.673305206110578e-05, -2.9409530669729838e-05, 0.1252643472758511]","[-0.4961961969309397, -0.0004647217369530402, -0.00012611699553092209]"
33.png,True,"[0.0, 0.0, 0.1]","[[0.9999999999999999, -0.0, 0.0], [0.0, 0.8936326403234122, 0.44879918020046206], [-0.0, -0.44879918020046206, 0.8936326403234122]]","{'tagLength': 0.0525, 'tagFamily': 'tag36h11', 'tagId': 0}",aruco,"[-6.679319246983401e-05, -9.207456125905346e-05, 0.12520272931032392]","[-0.4717884585281289, -0.000448902368895908, -0.0001202452184665556]"
34.png,True,"[0.0, 0.0, 0.1]","[[1.0, -0.0, 0.0], [0.0, 0.9059349056813111, 0.42341698911143605], [-0.0, -0.42341698911143605, 0.9059349056813111]]","{'tagLength': 0.0525, 'tagFamily': 'tag36h11', 'tagId': 0}",aruco,"[-6.70726035533843e-05, -2.8852341165001185e-05, 0.12541643925270413]","[-0.4354966770632365, -0.0004232424800457976, -0.00011126940500304047]"
35.png,True,"[0.0, 0.0, 0.1]","[[1.0, -0.0, 0.0], [0.0, 0.9175164079985194, 0.3976979268911198], [-0.0, -0.3976979268911198, 0.9175164079985194]]","{'tagLength': 0.0525, 'tagFamily': 'tag36h11', 'tagId': 0}",aruco,"[-0.00011418063553188715, -4.2642099778682525e-05, 0.12543441154879145]","[-0.4115625220891226, 0.0020685342020370146, -0.0014624322103197647]"
36.png,True,"[0.0, 0.0, 0.1]","[[1.0, -0.0, 0.0], [0.0, 0.9283679330160726, 0.3716624556603275], [-0.0, -0.3716624556603275, 0.9283679330160726]]","{'tagLength': 0.0525, 'tagFamily': 'tag36h11', 'tagId': 0}",aruco,"[-6.732664354874665e-05, -0.0001005507327767172, 0.12535370890998604]","[-0.3819552298807089, -0.00037417961866732384, -9.818193751682776e-05]"
37.png,True,"[0.0, 0.0, 0.1]","[[1.0, -0.0, 0.0], [0.0, 0.9384808472459367, 0.3453312892753113], [-0.0, -0.3453312892753113, 0.9384808472459367]]","{'tagLength': 0.0525, 'tagFamily': 'tag36h11', 'tagId': 0}",aruco,"[-6.744464182904721e-05, -7.478789069073476e-05, 0.12531642815127933]","[-0.35841733058734393, -0.00035148617071036623, -9.24867398691607e-05]"
38.png,True,"[0.0, 0.0, 0.1]","[[1.0, -0.0, 0.0], [0.0, 0.9478471048398232, 0.3187253768477895], [-0.0, -0.3187253768477895, 0.9478471048398232]]","{'tagLength': 0.0525, 'tagFamily': 'tag36h11', 'tagId': 0}",aruco,"[-6.756146772917891e-05, -8.949871142600565e-05, 0.12517250927607018]","[-0.328826564667475, -0.00031851060625751856, -8.532192915405254e-05]"
39.png,True,"[0.0, 0.0, 0.1]","[[0.9999999999999999, -0.0, 0.0], [0.0, 0.956459253990476, 0.29186588607780445], [-0.0, -0.29186588607780445, 0.956459253990476]]","{'tagLength': 0.0525, 'tagFamily': 'tag36h11', 'tagId': 0}",aruco,"[-6.79537524777394e-05, 6.58457727122758e-06, 0.12543192478581913]","[-0.2934628867009544, -0.0002790062007158711, -7.666785176822732e-05]"
40.png,True,"[0.0, 0.0, 0.1]","[[1.0, -0.0, 0.0], [0.0, 0.9643104428603411, 0.2647741864126726], [-0.0, -0.2647741864126726, 0.9643104428603411]]","{'tagLength': 0.0525, 'tagFamily': 'tag36h11', 'tagId': 0}",aruco,"[-6.810821417319351e-05, -7.328710472194174e-05, 0.1253232188902673]","[-0.26562028892906675, -0.0002436244313159022, -6.995219789273868e-05]"
41.png,True,"[0.0, 0.0, 0.1]","[[1.0, -0.0, 0.0], [0.0, 0.9713944250328961, 0.23747183204542235], [-0.0, -0.23747183204542235, 0.9713944250328961]]","{'tagLength': 0.0525, 'tagFamily': 'tag36h11', 'tagId': 0}",aruco,"[-6.827642236337762e-05, -9.777471700404869e-05, 0.12530390160007415]","[-0.2417731578791402, -0.00021493350150973266, -6.410306014648417e-05]"
42.png,True,"[0.0, 0.0, 0.1]","[[1.0, -0.0, 0.0], [0.0, 0.9777055644823085, 0.20998054476624842], [-0.0, -0.20998054476624842, 0.9777055644823085]]","{'tagLength': 0.0525, 'tagFamily': 'tag36h11', 'tagId': 0}",aruco,"[-6.844864233173391e-05, -0.00011407177352715208, 0.12526745317549495]","[-0.21683857706963722, -0.00018396702491886148, -5.7894958851423857e-05]"
43.png,True,"[0.0, 0.0, 0.1]","[[0.9999999999999999, -0.0, 0.0], [0.0, 0.9832388400574655, 0.1823221966806275], [-0.0, -0.1823221966806275, 0.9832388400574655]]","{'tagLength': 0.0525, 'tagFamily': 'tag36h11', 'tagId': 0}",aruco,"[-6.888615318923902e-05, -5.374025725801697e-05, 0.12550226664902311]","[-0.17841352836052257, -0.00013462686236248374, -4.810968072512489e-05]"
44.png,True,"[0.0, 0.0, 0.1]","[[1.0, -0.0, 0.0], [0.0, 0.9879898494768089, 0.1545187928078404], [-0.0, -0.1545187928078404, 0.9879898494768089]]","{'tagLength': 0.0525, 'tagFamily': 'tag36h11', 'tagId': 0}",aruco,"[-6.905560722866539e-05, -5.154735375548774e-05, 0.12540220517069967]","[-0.15105984208174314, -9.773862418597814e-05, -4.104553327639279e-05]"
45.png,True,"[0.0, 0.0, 0.1]","[[1.0000000000000002, -0.0, 0.0], [0.0, 0.9919548128307955, 0.1265924535737494], [-0.0, -0.1265924535737494, 0.9919548128307955]]","{'tagLength': 0.0525, 'tagFamily': 'tag36h11', 'tagId': 0}",aruco,"[-6.921585773107507e-05, -4.482078999965629e-05, 0.12526650128515332]","[-0.12332398085205348, -5.8718847129922365e-05, -3.3773655054433226e-05]"
46.png,True,"[0.0, 0.0, 0.1]","[[1.0, -0.0, 0.0], [0.0, 0.9951305755891982, 0.09856539721175624], [-0.0, -0.09856539721175624, 0.9951305755891982]]","{'tagLength': 0.0525, 'tagFamily': 'tag36h11', 'tagId': 0}",aruco,"[-6.935151580638497e-05, -6.736509477241591e-05, 0.125393745806016]","[-0.10165309281609572, -5.005395222817743e-05, -2.7932684011753023e-05]"
47.png,True,"[0.0, 0.0, 0.1]","[[1.0, -0.0, 0.0], [0.0, 0.997514611110856, 0.07045992208594715], [-0.0, -0.07045992208594715, 0.997514611110856]]","{'tagLength': 0.0525, 'tagFamily': 'tag36h11', 'tagId': 0}",aruco,"[-6.946671890947064e-05, -0.0001364721233307073, 0.12534417117698463]","[-0.07578179625354574, -2.6890559326750695e-05, -2.0934561481797922e-05]"
48.png,True,"[0.0, 0.0, 0.1]","[[1.0000000000000002, -0.0, 0.0], [0.0, 0.9991050226538719, 0.042298388950483046], [-0.0, -0.042298388950483046, 0.9991050226538719]]","{'tagLength': 0.0525, 'tagFamily': 'tag36h11', 'tagId': 0}",aruco,"[-6.955631009999663e-05, -6.489647871798727e-05, 0.12526558038846483]","[-0.0498612908875055, -4.768315778664726e-06, -1.3828810357436153e-05]"
49.png,True,"[0.0, 0.0, 0.1]","[[1.0, -0.0, 0.0], [0.0, 0.9999005448846631, 0.014103203159353431], [-0.0, -0.014103203159353431, 0.9999005448846631]]","{'tagLength': 0.0525, 'tagFamily': 'tag36h11', 'tagId': 0}",aruco,"[-6.960989753445557e-05, -6.899056993291147e-05, 0.12531425033434285]","[-0.025222337997613826, -1.2192645225924622e-06, -7.0036107814144915e-06]"
50.png,True,"[0.0, 0.0, 0.1]","[[1.0, 0.0, 0.0], [0.0, 0.9999005448846631, -0.014103203159353431], [0.0, 0.014103203159353431, 0.9999005448846631]]","{'tagLength': 0.0525, 'tagFamily': 'tag36h11', 'tagId': 0}",aruco,"[-6.961085399616097e-05, -7.017521815472676e-05, 0.12531599000374355]","[0.025235320004670915, -1.2206476779716311e-06, 7.006486107504553e-06]"
51.png,True,"[0.0, 0.0, 0.1]","[[1.0000000000000002, 0.0, 0.0], [0.0, 0.9991050226538719, -0.042298388950483046], [0.0, 0.042298388950483046, 0.9991050226538719]]","{'tagLength': 0.0525, 'tagFamily': 'tag36h11', 'tagId': 0}",aruco,"[-6.95580943108426e-05, -7.401402844450353e-05, 0.12526892726742772]","[0.04991021151346827, -4.778726538959574e-06, 1.383949715075199e-05]"
52.png,True,"[0.0, 0.0, 0.1]","[[1.0, 0.0, 0.0], [0.0, 0.997514611110856, -0.07045992208594715], [0.0, 0.07045992208594715, 0.997514611110856]]","{'tagLength': 0.0525, 'tagFamily': 'tag36h11', 'tagId': 0}",aruco,"[-6.946924373593489e-05, -2.3470756196174037e-06, 0.1253491399199591]","[0.07586162479429802, -2.6926080384790434e-05, 2.0941114306907457e-05]"
53.png,True,"[0.0, 0.0, 0.1]","[[1.0, 0.0, 0.0], [0.0, 0.9951305755891982, -0.09856539721175624], [0.0, 0.09856539721175624, 0.9951305755891982]]","{'tagLength': 0.0525, 'tagFamily': 'tag36h11', 'tagId': 0}",aruco,"[-6.935456780152992e-05, -7.123483196959516e-05, 0.12540016148950472]","[0.10178238187501443, -5.013214445747802e-05, 2.7939290614360008e-05]"
54.png,True,"[0.0, 0.0, 0.1]","[[1.0000000000000002, 0.0, 0.0], [0.0, 0.9919548128307955, -0.12659245357374915], [0.0, 0.12659245357374915, 0.9919548128307955]]","{'tagLength': 0.0525, 'tagFamily': 'tag36h11', 'tagId': 0}",aruco,"[-6.921905010708079e-05, -9.32484899478129e-05, 0.12527382629616537]","[0.12352451474491191, -5.8849806218201627e-05, 3.379401918001516e-05]"
55.png,True,"[0.0, 0.0, 0.1]","[[1.0, 0.0, 0.0], [0.0, 0.9879898494768089, -0.1545187928078404], [0.0, 0.1545187928078404, 0.9879898494768089]]","{'tagLength': 0.0525, 'tagFamily': 'tag36h11', 'tagId': 0}",aruco,"[-6.905895091789777e-05, -8.636237040343764e-05, 0.12541074846004632]","[0.15131738159753577, -9.795361448932196e-05, 4.105816538734045e-05]"
56.png,True,"[0.0, 0.0, 0.1]","[[0.9999999999999999, 0.0, 0.0], [0.0, 0.9832388400574655, -0.1823221966806275], [0.0, 0.1823221966806275, 0.9832388400574655]]","{'tagLength': 0.0525, 'tagFamily': 'tag36h11', 'tagId': 0}",aruco,"[-6.888942208231136e-05, -8.393673475102697e-05, 0.12551177144249775]","[0.17873597308519482, -0.00013493937838181594, 4.81173301772851e-05]"
57.png,True,"[0.0, 0.0, 0.1]","[[1.0, 0.0, 0.0], [0.0, 0.9777055644823085, -0.20998054476624842], [0.0, 0.20998054476624842, 0.9777055644823085]]","{'tagLength': 0.0525, 'tagFamily': 'tag36h11', 'tagId': 0}",aruco,"[-6.845152907165653e-05, -2.285729528016368e-05, 0.12527792958440473]","[0.21725463805673528, -0.0001844274650222031, 5.7896729469980036e-05]"
58.png,True,"[0.0, 0.0, 0.1]","[[1.0, 0.0, 0.0], [0.0, 0.9713944250328961, -0.2374718320454221], [0.0, 0.2374718320454221, 0.9713944250328961]]","{'tagLength': 0.0525, 'tagFamily': 'tag36h11', 'tagId': 0}",aruco,"[-6.827896151264355e-05, -3.890901552314661e-05, 0.12531484495364661]","[0.2422483679366464, -0.0002154938214349493, 6.410049397984997e-05]"
59.png,True,"[0.0, 0.0, 0.1]","[[1.0, 0.0, 0.0], [0.0, 0.9643104428603411, -0.2647741864126726], [0.0, 0.2647741864126726, 0.9643104428603411]]","{'tagLength': 0.0525, 'tagFamily': 'tag36h11', 'tagId': 0}",aruco,"[-6.811038776173567e-05, -6.317486562573684e-05, 0.12533450746466956]","[0.2661486258953526, -0.0002442783970542104, 6.994467547497437e-05]"
60.png,True,"[0.0, 0.0, 0.1]","[[0.9999999999999999, 0.0, 0.0], [0.0, 0.956459253990476, -0.29186588607780445], [0.0, 0.29186588607780445, 0.956459253990476]]","{'tagLength': 0.0525, 'tagFamily': 'tag36h11', 'tagId': 0}",aruco,"[-6.795559564174805e-05, -0.00014294311218885727, 0.12544359788634016]","[0.29404519910656324, -0.00027975626451522926, 7.665121143902534e-05]"
61.png,True,"[0.0, 0.0, 0.1]","[[1.0, 0.0, 0.0], [0.0, 0.9478471048398232, -0.3187253768477895], [0.0, 0.3187253768477895, 0.9478471048398232]]","{'tagLength': 0.0525, 'tagFamily': 'tag36h11', 'tagId': 0}",aruco,"[-6.756286183522192e-05, -4.6318499834936684e-05, 0.12518446010299117]","[0.32947047422936226, -0.00031936892779213164, 8.529506086592515e-05]"
62.png,True,"[0.0, 0.0, 0.1]","[[1.0, 0.0, 0.0], [0.0, 0.9384808472459367, -0.34533128927531115], [0.0, 0.34533128927531115, 0.9384808472459367]]","{'tagLength': 0.0525, 'tagFamily': 'tag36h11', 'tagId': 0}",aruco,"[-6.744581243601877e-05, -6.104282379788627e-05, 0.12532860912038807]","[0.35910638998378086, -0.00035241626693417396, 9.244982459466301e-05]"
63.png,True,"[0.0, 0.0, 0.1]","[[1.0, 0.0, 0.0], [0.0, 0.9283679330160726, -0.3716624556603274], [0.0, 0.3716624556603274, 0.9283679330160726]]","{'tagLength': 0.0525, 'tagFamily': 'tag36h11', 'tagId': 0}",aruco,"[-6.732762498989629e-05, -3.5225863457077535e-05, 0.12536598332407536]","[0.3826775322059461, -0.00037516137528639413, 9.81382038869844e-05]"
64.png,True,"[0.0, 0.0, 0.1]","[[1.0, 0.0, 0.0], [0.0, 0.9175164079985194, -0.3976979268911198], [0.0, 0.3976979268911198, 0.9175164079985194]]","{'tagLength': 0.0525, 'tagFamily': 'tag36h11', 'tagId': 0}",aruco,"[-2.0223610600904903e-05, -9.314523764067178e-05, 0.12544684506334824]","[0.41232434810836516, -0.002876919893207767, -0.0012529917207846572]"
65.png,True,"[0.0, 0.0, 0.1]","[[1.0, 0.0, 0.0], [0.0, 0.9059349056813111, -0.42341698911143605], [0.0, 0.42341698911143605, 0.9059349056813111]]","{'tagLength': 0.0525, 'tagFamily': 'tag36h11', 'tagId': 0}",aruco,"[-6.707355629822049e-05, -0.00010687896094434283, 0.12542899992896597]","[0.4362816367424719, -0.00042428561050165053, 0.00011120962284621896]"
66.png,True,"[0.0, 0.0, 0.1]","[[0.9999999999999999, 0.0, 0.0], [0.0, 0.8936326403234122, -0.44879918020046217], [0.0, 0.44879918020046217, 0.8936326403234122]]","{'tagLength': 0.0525, 'tagFamily': 'tag36h11', 'tagId': 0}",aruco,"[-6.679412617142537e-05, -4.3383954234932175e-05, 0.12521533301518878]","[0.47260904457053193, -0.00044997276011443947, 0.00012017716854167623]"
67.png,True,"[0.0, 0.0, 0.1]","[[1.0000000000000002, 0.0, 0.0], [0.0, 0.8806193996238411, -0.4738243060525136], [0.0, 0.4738243060525136, 0.8806193996238411]]","{'tagLength': 0.0525, 'tagFamily': 'tag36h11', 'tagId': 0}",aruco,"[-6.673402366653054e-05, -0.00010612600381504867, 0.125276969170373]","[0.49703927057567915, -0.0004658037084022708, 0.00012604357236036676]"
68.png,True,"[0.0, 0.0, 0.1]","[[1.0, 0.0, 0.0], [0.0, 0.8669055369345617, -0.498472456643493], [0.0, 0.498472456643493, 0.8669055369345617]]","{'tagLength': 0.0525, 'tagFamily': 'tag36h11', 'tagId': 0}",aruco,"[-6.670140851500038e-05, -9.840989278024939e-05, 0.12538377657626526]","[0.5243947597396303, -0.0004817089801894058, 0.0001328973020125627]"
69.png,True,"[0.0, 0.0, 0.1]","[[1.0, 0.0, 0.0], [0.0, 0.8525019630233464, -0.5227240218713324], [0.0, 0.5227240218713324, 0.8525019630233464]]","{'tagLength': 0.0525, 'tagFamily': 'tag36h11', 'tagId': 0}",aruco,"[-2.6108575086291747e-05, -0.00012502911803753534, 0.12543586929345216]","[0.5531299483423056, -0.0017983213503039632, -0.001206798122521574]"
70.png,True,"[0.0, 0.0, 0.1]","[[1.0, 0.0, 0.0], [0.0, 0.8374201373931495, -0.5465597071578171], [0.0, 0.5465597071578171, 0.8374201373931495]]","{'tagLength': 0.0525, 'tagFamily': 'tag36h11', 'tagId': 0}",aruco,"[-6.656829917541342e-05, -0.00010052627296253581, 0.12541131849105916]","[0.5766327374281736, -0.0005075587404040947, 0.0001463653686035092]"
71.png,True,"[0.0, 0.0, 0.1]","[[1.0, 0.0, 0.0], [0.0, 0.8216720591649154, -0.5699605487993777], [0.0, 0.5699605487993777, 0.8216720591649154]]","{'tagLength': 0.0525, 'tagFamily': 'tag36h11', 'tagId': 0}",aruco,"[-6.635701727490029e-05, -1.9982651331971555e-05, 0.12517377171669897]","[0.6098188726554339, -0.0005194072588344056, 0.00015497884280840443]"
72.png,True,"[0.0, 0.0, 0.1]","[[1.0000000000000002, 0.0, 0.0], [0.0, 0.8052702575310587, -0.5929079290546405], [0.0, 0.5929079290546405, 0.8052702575310587]]","{'tagLength': 0.0525, 'tagFamily': 'tag36h11', 'tagId': 0}",aruco,"[-6.636773200873886e-05, -0.0001101568085086014, 0.12528943164602915]","[0.6379447007281803, -0.0005289698982639093, 0.00016212251825427977]"
73.png,True,"[0.0, 0.0, 0.1]","[[1.0, 0.0, 0.0], [0.0, 0.7882277817872235, -0.6153835909567246], [0.0, 0.6153835909567246, 0.7882277817872235]]","{'tagLength': 0.0525, 'tagFamily': 'tag36h11', 'tagId': 0}",aruco,"[-2.905583863821303e-05, -0.0001005972072819997, 0.12533159595659676]","[0.6665944634872268, -0.0011989293606699937, -0.0011779454594891617]"
74.png,True,"[0.0, 0.0, 0.1]","[[0.9999999999999999, 0.0, 0.0], [0.0, 0.7705581909502454, -0.6373696528385118], [0.0, 0.6373696528385118, 0.7705581909502454]]","{'tagLength': 0.0525, 'tagFamily': 'tag36h11', 'tagId': 0}",aruco,"[-6.632531016508907e-05, -0.00010014031885546215, 0.12536002613433858]","[0.6944953238585763, -0.0005436956083636089, 0.0001775465109269783]"
75.png,True,"[0.0, 0.0, 0.1]","[[1.0, 0.0, 0.0], [0.0, 0.7522755429705794, -0.6588486225593249], [0.0, 0.6588486225593249, 0.7522755429705794]]","{'tagLength': 0.0525, 'tagFamily': 'tag36h11', 'tagId': 0}",aruco,"[-6.633703829165979e-05, -7.966607929705482e-05, 0.12542770283262672]","[0.7195036469786747, -0.0005479390793079455, 0.0001843307788244541]"
76.png,True,"[0.0, 0.0, 0.1]","[[1.0, 0.0, 0.0], [0.0, 0.7333943835477752, -0.6798034114216982], [0.0, 0.6798034114216982, 0.7333943835477752]]","{'tagLength': 0.0525, 'tagFamily': 'tag36h11', 'tagId': 0}",aruco,"[-6.628166913322642e-05, -0.00012420526454165145, 0.12538005030100735]","[0.7482387672971731, -0.000553145085545903, 0.00019241506604023343]"
77.png,True,"[0.0, 0.0, 0.1]","[[1.0, 0.0, 0.0], [0.0, 0.7139297345578991, -0.7002173477671686], [0.0, 0.7002173477671686, 0.7139297345578991]]","{'tagLength': 0.0525, 'tagFamily': 'tag36h11', 'tagId': 0}",aruco,"[-6.631178713156121e-05, -5.0318160716353984e-05, 0.1254622425736661]","[0.7749515563395809, -0.0005554851724480617, 0.0002000157337732277]"
78.png,True,"[0.0, 0.0, 0.1]","[[1.0, 0.0, 0.0], [0.0, 0.6938970821021089, -0.7200741902402689], [0.0, 0.7200741902402689, 0.6938970821021089]]","{'tagLength': 0.0525, 'tagFamily': 'tag36h11', 'tagId': 0}",aruco,"[-6.613126812395446e-05, -0.00010561491711546556, 0.12518946139752885]","[0.8052526159581864, -0.0005577742435471154, 0.00020809748984361215]"
79.png,True,"[0.0, 0.0, 0.1]","[[1.0, 0.0, 0.0], [0.0, 0.6733123641858916, -0.7393581407101738], [0.0, 0.7393581407101738, 0.6733123641858916]]","{'tagLength': 0.0525, 'tagFamily': 'tag36h11', 'tagId': 0}",aruco,"[-6.608877521655848e-05, -0.0001092004738690037, 0.12513794782163468]","[0.834736210100038, -0.0005599456377464278, 0.00021681246130674973]"
80.png,True,"[0.0, 0.0, 0.1]","[[1.0, 0.0, 0.0], [0.0, 0.6521919580387625, -0.7580538568397135], [0.0, 0.7580538568397135, 0.6521919580387625]]","{'tagLength': 0.0525, 'tagFamily': 'tag36h11', 'tagId': 0}",aruco,"[-6.613169823939104e-05, -0.00013045059166894786, 0.12522738592616336]","[0.8632206521966708, -0.0005604192406904294, 0.0002249200474511539]"
81.png,True,"[0.0, 0.0, 0.1]","[[1.0, 0.0, 0.0], [0.0, 0.6305526670845226, -0.7761464642917568], [0.0, 0.7761464642917568, 0.6305526670845226]]","{'tagLength': 0.0525, 'tagFamily': 'tag36h11', 'tagId': 0}",aruco,"[-6.609844827554711e-05, -8.681989480268591e-05, 0.1251778334270932]","[0.8941364339165341, -0.0005607693625467007, 0.0002344178389889022]"
82.png,True,"[0.0, 0.0, 0.1]","[[1.0, 0.0, 0.0], [0.0, 0.6084117075724278, -0.7936215685632559], [0.0, 0.7936215685632559, 0.6084117075724278]]","{'tagLength': 0.0525, 'tagFamily': 'tag36h11', 'tagId': 0}",aruco,"[-6.611093711195767e-05, -4.994726209564181e-05, 0.12520353769647619]","[0.9178202746159422, -0.0005595375766412178, 0.00024134579537477953]"
83.png,True,"[0.0, 0.0, 0.1]","[[1.0, 0.0, 0.0], [0.0, 0.5857866948799202, -0.8104652664375317], [0.0, 0.8104652664375317, 0.5857866948799202]]","{'tagLength': 0.0525, 'tagFamily': 'tag36h11', 'tagId': 0}",aruco,"[-8.508422371877677e-05, 6.112878238505656e-05, 0.12551894054730223]","[0.9490553905017326, 0.003649777318169587, 0.003026507251689616]"
84.png,True,"[0.0, 0.0, 0.1]","[[1.0, 0.0, 0.0], [0.0, 0.5626956294978103, -0.8266641570456911], [0.0, 0.8266641570456911, 0.5626956294978103]]","{'tagLength': 0.0525, 'tagFamily': 'tag36h11', 'tagId': 0}",aruco,"[-6.608944180705539e-05, -7.203177251113982e-05, 0.12516880401877534]","[0.9739410447584963, -0.0005569715622874843, 0.0002582283691794396]"
85.png,True,"[0.0, 0.0, 0.1]","[[1.0, 0.0, 0.0], [0.0, 0.5391568827090594, -0.842205352528378], [0.0, 0.842205352528378, 0.5391568827090594]]","{'tagLength': 0.0525, 'tagFamily': 'tag36h11', 'tagId': 0}",aruco,"[-6.603334475233586e-05, -5.893471043732488e-05, 0.12506789687946732]","[1.0026606943900744, -0.0005552399903634856, 0.00026726313313606224]"
86.png,True,"[0.0, 0.0, 0.1]","[[1.0000000000000002, 0.0, 0.0], [0.0, 0.5151891819725657, -0.8570764882893701], [0.0, 0.8570764882893701, 0.5151891819725657]]","{'tagLength': 0.0525, 'tagFamily': 'tag36h11', 'tagId': 0}",aruco,"[-7.722614598278891e-05, -8.207046997425225e-06, 0.1254826384803044]","[1.0310398697131073, 0.002201762905260743, 0.002166343184235314]"
87.png,True,"[0.0, 0.0, 0.1]","[[1.0, 0.0, 0.0], [0.0, 0.49081159602356833, -0.8712657328328698], [0.0, 0.8712657328328698, 0.49081159602356833]]","{'tagLength': 0.0525, 'tagFamily': 'tag36h11', 'tagId': 0}",aruco,"[-7.65423485360496e-05, -8.650999392820128e-05, 0.12538393996017344]","[1.062361417097227, 0.00217446946133637, 0.002190773342134937]"
88.png,True,"[0.0, 0.0, 0.1]","[[1.0, 0.0, 0.0], [0.0, 0.46604351970253877, -0.8847617971766578], [0.0, 0.8847617971766578, 0.46604351970253877]]","{'tagLength': 0.0525, 'tagFamily': 'tag36h11', 'tagId': 0}",aruco,"[-6.61515852985312e-05, -9.3628995878375e-05, 0.12524351466669417]","[1.0897524239709502, -0.0005468701535997799, 0.0002947491498628691]"
89.png,True,"[0.0, 0.0, 0.1]","[[1.0, 0.0, 0.0], [0.0, 0.4409046585246193, -0.8975539438336221], [0.0, 0.8975539438336221, 0.4409046585246193]]","{'tagLength': 0.0525, 'tagFamily': 'tag36h11', 'tagId': 0}",aruco,"[-6.615538289723245e-05, -0.00011270194401550173, 0.12524407308996677]","[1.1164764218028773, -0.0005429840223441615, 0.0003028609727882693]"
90.png,True,"[0.0, 0.0, 0.1]","[[0.9999999999999999, 0.0, 0.0], [0.0, 0.41541501300188666, -0.9096319953545182], [0.0, 0.9096319953545182, 0.41541501300188666]]","{'tagLength': 0.0525, 'tagFamily': 'tag36h11', 'tagId': 0}",aruco,"[-7.059832834294091e-05, -4.9413800601771363e-05, 0.1254580587979201]","[1.1450565215932242, 0.0007861099812817116, 0.0012876554621279424]"
91.png,True,"[0.0, 0.0, 0.1]","[[1.0, 0.0, 0.0], [0.0, 0.38959486273091826, -0.9209863424251615], [0.0, 0.9209863424251615, 0.38959486273091826]]","{'tagLength': 0.0525, 'tagFamily': 'tag36h11', 'tagId': 0}",aruco,"[-6.628499733151074e-05, -4.897581052241775e-05, 0.12544179534002825]","[1.1722819673375358, -0.0005345521714860536, 0.0003210514435753172]"
92.png,True,"[0.0, 0.0, 0.1]","[[1.0, 0.0, 0.0], [0.0, 0.3634647502583194, -0.9316079515116097], [0.0, 0.9316079515116097, 0.3634647502583194]]","{'tagLength': 0.0525, 'tagFamily': 'tag36h11', 'tagId': 0}",aruco,"[-7.00285023828351e-05, -7.142316652616667e-05, 0.12549629412743019]","[1.203929557844764, 0.0007660497778224565, 0.0013248849856969083]"
93.png,True,"[0.0, 0.0, 0.1]","[[1.0, 0.0, 0.0], [0.0, 0.3370454647370418, -0.9414883720472556], [0.0, 0.9414883720472556, 0.3370454647370418]]","{'tagLength': 0.0525, 'tagFamily': 'tag36h11', 'tagId': 0}",aruco,"[-6.63068032346879e-05, -8.033311691498107e-05, 0.1254531896439116]","[1.230532944803482, -0.0005260292804769672, 0.0003404182168838849]"
94.png,True,"[0.0, 0.0, 0.1]","[[1.0, 0.0, 0.0], [0.0, 0.3103580253865087, -0.9506197431561094], [0.0, 0.9506197431561094, 0.3103580253865087]]","{'tagLength': 0.0525, 'tagFamily': 'tag36h11', 'tagId': 0}",aruco,"[-6.619510221937199e-05, -5.9964694398181395e-05, 0.12525211912829415]","[1.2581294010296842, -0.0005214185699108109, 0.00034967557419362817]"
95.png,True,"[0.0, 0.0, 0.1]","[[1.0, 0.0, 0.0], [0.0, 0.28342366476969316, -0.9589947999069216], [0.0, 0.9589947999069216, 0.28342366476969316]]","{'tagLength': 0.0525, 'tagFamily': 'tag36h11', 'tagId': 0}",aruco,"[-6.923953314527994e-05, -2.3632191392480542e-05, 0.12554832671407]","[1.2853735496540781, 0.0007459179941198507, 0.0013800254874249962]"
96.png,True,"[0.0, 0.0, 0.1]","[[1.0, 0.0, 0.0], [0.0, 0.25626381190046255, -0.9666068790931732], [0.0, 0.9666068790931732, 0.25626381190046255]]","{'tagLength': 0.0525, 'tagFamily': 'tag36h11', 'tagId': 0}",aruco,"[-6.616585120579606e-05, -0.00011791161261055442, 0.12518048197422013]","[1.3147757496162769, -0.0005118465307720386, 0.00036871418475099615]"
97.png,True,"[0.0, 0.0, 0.1]","[[1.0, 0.0, 0.0], [0.0, 0.22890007519462802, -0.9734499245343304], [0.0, 0.9734499245343304, 0.22890007519462802]]","{'tagLength': 0.0525, 'tagFamily': 'tag36h11', 'tagId': 0}",aruco,"[-6.632983044385913e-05, -5.9770987711998215e-05, 0.12545279616127178]","[1.3427933508692111, -0.0005056508271242924, 0.0003780574798051155]"
98.png,True,"[0.0, 0.0, 0.1]","[[1.0, 0.0, 0.0], [0.0, 0.20135422527825547, -0.9795184918941517], [0.0, 0.9795184918941517, 0.20135422527825547]]","{'tagLength': 0.0525, 'tagFamily': 'tag36h11', 'tagId': 0}",aruco,"[-6.618557533366995e-05, -5.372402064094008e-05, 0.12520019946601507]","[1.3693675413951387, -0.0005005211258273973, 0.00038709025700658895]"
99.png,True,"[0.0, 0.0, 0.1]","[[0.9999999999999999, 0.0, 0.0], [0.0, 0.17364817766693041, -0.9848077530122079], [0.0, 0.9848077530122079, 0.17364817766693041]]","{'tagLength': 0.0525, 'tagFamily': 'tag36h11', 'tagId': 0}",aruco,"[-6.646075504730877e-05, -8.345586990429707e-05, 0.1256564493107428]","[1.3999184717022752, -0.0004948064497179368, 0.00039779884594553876]"
100.png,True,"[0.0, 0.0, 0.1]","[[0.17364817766693041, -0.0, -0.9848077530122079], [0.0, 0.9999999999999999, -0.0], [0.9848077530122079, 0.0, 0.17364817766693041]]","{'tagLength': 0.0525, 'tagFamily': 'tag36h11', 'tagId': 0}",aruco,"[-8.345586990507359e-05, -6.646075505175864e-05, 0.12565644931073805]","[0.0004948064507599422, -1.399918471702361, -0.0003977988466268775]"
101.png,True,"[0.0, 0.0, 0.1]","[[0.20135422527825558, -0.0, -0.9795184918941519], [0.0, 1.0, -0.0], [0.9795184918941519, 0.0, 0.20135422527825558]]","{'tagLength': 0.0525, 'tagFamily': 'tag36h11', 'tagId': 0}",aruco,"[-5.3724020640936764e-05, -6.618557533367426e-05, 0.1252001994660151]","[0.0005005211258269449, -1.3693675413951385, -0.0003870902570071582]"
102.png,True,"[0.0, 0.0, 0.1]","[[0.22890007519462802, -0.0, -0.9734499245343304], [0.0, 1.0, -0.0], [0.9734499245343304, 0.0, 0.22890007519462802]]","{'tagLength': 0.0525, 'tagFamily': 'tag36h11', 'tagId': 0}",aruco,"[-5.9770987736495255e-05, -6.632983044665473e-05, 0.1254527961612353]","[0.000505650827534159, -1.342793350870788, -0.000378057480098873]"
103.png,True,"[0.0, 0.0, 0.1]","[[0.25626381190046255, -0.0, -0.9666068790931732], [0.0, 1.0, -0.0], [0.9666068790931732, 0.0, 0.25626381190046255]]","{'tagLength': 0.0525, 'tagFamily': 'tag36h11', 'tagId': 0}",aruco,"[-0.0001179116126113698, -6.616585121498542e-05, 0.12518048197421222]","[0.0005118465332503195, -1.3147757496163912, -0.0003687141861550422]"
104.png,True,"[0.0, 0.0, 0.1]","[[0.28342366476969283, -0.0, -0.9589947999069217], [0.0, 1.0, -0.0], [0.9589947999069217, 0.0, 0.28342366476969283]]","{'tagLength': 0.0525, 'tagFamily': 'tag36h11', 'tagId': 0}",aruco,"[-2.3632191373173442e-05, -6.92395331303809e-05, 0.12554832671427751]","[-0.0007459179954584492, -1.28537354965009, -0.00138002548442855]"
105.png,True,"[0.0, 0.0, 0.1]","[[0.3103580253865087, -0.0, -0.9506197431561094], [0.0, 1.0, -0.0], [0.9506197431561094, 0.0, 0.3103580253865087]]","{'tagLength': 0.0525, 'tagFamily': 'tag36h11', 'tagId': 0}",aruco,"[-5.996469439838497e-05, -6.619510221976798e-05, 0.125252119128294]","[0.000521418570020461, -1.258129401029708, -0.00034967557425608553]"
106.png,True,"[0.0, 0.0, 0.1]","[[0.3370454647370418, -0.0, -0.9414883720472556], [0.0, 1.0, -0.0], [0.9414883720472556, 0.0, 0.3370454647370418]]","{'tagLength': 0.0525, 'tagFamily': 'tag36h11', 'tagId': 0}",aruco,"[-8.033311691513089e-05, -6.630680323495502e-05, 0.12545318964391164]","[0.0005260292805510272, -1.2305329448035, -0.0003404182169263002]"
107.png,True,"[0.0, 0.0, 0.1]","[[0.36346475025831904, -0.0, -0.9316079515116097], [0.0, 1.0, -0.0], [0.9316079515116097, 0.0, 0.36346475025831904]]","{'tagLength': 0.0525, 'tagFamily': 'tag36h11', 'tagId': 0}",aruco,"[-7.142316656171471e-05, -7.002850233055258e-05, 0.12549629412698804]","[-0.0007660497726348732, -1.2039295578525933, -0.0013248849745183615]"
108.png,True,"[0.0, 0.0, 0.1]","[[0.38959486273091826, -0.0, -0.9209863424251615], [0.0, 1.0, -0.0], [0.9209863424251615, 0.0, 0.38959486273091826]]","{'tagLength': 0.0525, 'tagFamily': 'tag36h11', 'tagId': 0}",aruco,"[-4.897581052294948e-05, -6.628499733232568e-05, 0.125441795340034]","[0.0005345521721007004, -1.172281967337581, -0.0003210514437014486]"
109.png,True,"[0.0, 0.0, 0.1]","[[0.4154150130018865, -0.0, -0.9096319953545183], [0.0, 1.0, -0.0], [0.9096319953545183, 0.0, 0.4154150130018865]]","{'tagLength': 0.0525, 'tagFamily': 'tag36h11', 'tagId': 0}",aruco,"[-4.941380059362508e-05, -7.059832834165782e-05, 0.12545805879790153]","[-0.0007861099799031583, -1.1450565215921462, -0.0012876554620578507]"
